bus_0.jpg	0	219	174	342	258
bus_1.jpg	0	185	158	303	226
bus_10.jpg	0	258	173	304	218
bus_100.jpg	0	206	160	381	181
bus_101.jpg	0	180	154	303	173
bus_102.jpg	0	203	188	396	235
bus_103.jpg	0	213	118	365	112
bus_104.jpg	0	186	153	313	234
bus_105.jpg	0	221	136	363	234
bus_106.jpg	0	209	137	406	116
bus_107.jpg	0	226	140	330	144
bus_108.jpg	0	213	165	327	254
bus_109.jpg	0	219	161	327	245
bus_11.jpg	0	203	164	353	221
bus_110.jpg	0	202	146	396	295
bus_111.jpg	0	205	152	384	217
bus_112.jpg	0	159	122	273	110
bus_113.jpg	0	210	162	353	295
bus_114.jpg	0	205	138	377	232
bus_115.jpg	0	196	201	402	183
bus_116.jpg	0	75	143	153	210
bus_117.jpg	0	207	135	405	119
bus_118.jpg	0	210	153	368	233
bus_119.jpg	0	238	130	330	152
bus_12.jpg	0	239	110	335	193
bus_120.jpg	0	107	107	190	148
bus_121.jpg	0	207	131	366	220
bus_122.jpg	0	160	155	320	219
bus_123.jpg	0	206	145	363	285
bus_124.jpg	0	191	142	355	194
bus_125.jpg	0	194	169	369	210
bus_126.jpg	0	222	152	250	148
bus_127.jpg	0	201	112	268	217
bus_128.jpg	0	206	169	380	185
bus_129.jpg	0	223	143	363	186
bus_13.jpg	0	206	114	302	174
bus_130.jpg	0	181	171	353	184
bus_131.jpg	0	200	143	399	284
bus_132.jpg	0	208	130	210	206
bus_133.jpg	0	198	159	390	301
bus_134.jpg	0	220	167	271	172
bus_135.jpg	0	199	157	294	153
bus_136.jpg	0	213	133	366	221
bus_137.jpg	0	211	134	390	263
bus_138.jpg	0	212	111	346	201
bus_139.jpg	0	200	138	295	152
bus_14.jpg	0	211	162	316	129
bus_15.jpg	0	211	134	318	183
bus_16.jpg	0	228	153	276	164
bus_17.jpg	0	155	170	308	144
bus_18.jpg	0	220	137	356	177
bus_19.jpg	0	249	160	209	149
bus_2.jpg	0	164	125	198	137
bus_20.jpg	0	201	123	397	123
bus_21.jpg	0	197	128	373	183
bus_22.jpg	0	204	163	392	273
bus_23.jpg	0	210	136	358	212
bus_24.jpg	0	212	165	341	196
bus_25.jpg	0	203	161	394	292
bus_26.jpg	0	202	158	369	236
bus_27.jpg	0	163	110	322	169
bus_28.jpg	0	194	137	359	273
bus_29.jpg	0	208	112	407	177
bus_3.jpg	0	206	105	369	160
bus_30.jpg	0	194	160	355	279
bus_31.jpg	0	218	172	372	258
bus_32.jpg	0	206	142	359	233
bus_33.jpg	0	176	109	337	187
bus_34.jpg	0	223	167	347	194
bus_35.jpg	0	199	152	300	242
bus_36.jpg	0	199	130	397	171
bus_37.jpg	0	172	115	250	143
bus_38.jpg	0	211	148	359	185
bus_39.jpg	0	224	149	257	195
bus_4.jpg	0	215	140	235	226
bus_40.jpg	0	208	170	402	250
bus_41.jpg	0	213	103	355	154
bus_42.jpg	0	150	136	193	131
bus_43.jpg	0	198	143	358	266
bus_44.jpg	0	168	161	245	138
bus_45.jpg	0	272	90	207	116
bus_46.jpg	0	175	113	255	174
bus_47.jpg	0	206	113	328	128
bus_48.jpg	0	256	154	294	231
bus_49.jpg	0	200	129	330	235
bus_5.jpg	0	223	146	238	129
bus_50.jpg	0	206	125	403	135
bus_51.jpg	0	213	117	376	155
bus_52.jpg	0	210	151	341	222
bus_53.jpg	0	146	123	269	168
bus_54.jpg	0	219	186	297	146
bus_55.jpg	0	220	137	293	192
bus_56.jpg	0	216	145	386	133
bus_57.jpg	0	201	124	399	201
bus_58.jpg	0	210	165	396	270
bus_59.jpg	0	229	154	345	246
bus_6.jpg	0	209	150	365	217
bus_60.jpg	0	230	164	325	231
bus_61.jpg	0	202	160	372	189
bus_62.jpg	0	203	162	373	137
bus_63.jpg	0	144	156	257	163
bus_64.jpg	0	206	149	395	259
bus_65.jpg	0	180	142	357	261
bus_66.jpg	0	223	109	326	173
bus_67.jpg	0	195	134	345	225
bus_68.jpg	0	209	155	340	277
bus_69.jpg	0	213	106	310	180
bus_7.jpg	0	263	121	302	194
bus_70.jpg	0	210	124	406	203
bus_71.jpg	0	209	190	354	148
bus_72.jpg	0	210	168	275	180
bus_73.jpg	0	211	109	334	178
bus_74.jpg	0	202	115	375	211
bus_75.jpg	0	221	160	293	203
bus_76.jpg	0	214	156	321	207
bus_77.jpg	0	138	162	190	128
bus_78.jpg	0	212	149	393	216
bus_79.jpg	0	207	157	368	113
bus_8.jpg	0	210	149	328	218
bus_80.jpg	0	214	131	351	209
bus_81.jpg	0	227	133	335	145
bus_82.jpg	0	172	123	310	185
bus_83.jpg	0	209	144	332	175
bus_84.jpg	0	215	226	390	291
bus_85.jpg	0	212	167	366	300
bus_86.jpg	0	212	159	382	260
bus_87.jpg	0	207	103	387	148
bus_88.jpg	0	190	139	352	167
bus_89.jpg	0	194	165	357	174
bus_9.jpg	0	181	156	303	149
bus_90.jpg	0	241	194	350	180
bus_91.jpg	0	215	162	374	228
bus_92.jpg	0	173	129	301	196
bus_93.jpg	0	198	190	205	188
bus_94.jpg	0	209	149	294	256
bus_95.jpg	0	225	102	279	185
bus_96.jpg	0	153	143	234	170
bus_97.jpg	0	209	144	399	233
bus_98.jpg	0	210	117	338	157
bus_99.jpg	0	221	172	333	198
car_0.jpg	1	214	183	360	195
car_1.jpg	1	209	151	282	219
car_10.jpg	1	205	139	344	234
car_100.jpg	1	208	156	317	135
car_101.jpg	1	206	154	287	190
car_102.jpg	1	207	157	361	145
car_103.jpg	1	209	143	305	199
car_104.jpg	1	189	145	317	226
car_105.jpg	1	218	139	273	239
car_106.jpg	1	200	141	305	241
car_107.jpg	1	218	143	352	176
car_108.jpg	1	209	140	212	187
car_109.jpg	1	213	137	345	260
car_11.jpg	1	191	148	362	221
car_110.jpg	1	205	168	322	213
car_111.jpg	1	206	158	248	193
car_112.jpg	1	212	138	354	246
car_113.jpg	1	207	164	407	228
car_114.jpg	1	217	152	392	164
car_115.jpg	1	213	140	307	228
car_116.jpg	1	213	181	320	157
car_117.jpg	1	217	167	372	136
car_118.jpg	1	215	136	331	233
car_119.jpg	1	209	149	390	191
car_12.jpg	1	195	135	379	238
car_120.jpg	1	212	143	299	200
car_121.jpg	1	184	139	285	205
car_122.jpg	1	161	222	282	252
car_123.jpg	1	202	135	274	231
car_124.jpg	1	139	199	283	227
car_125.jpg	1	148	224	269	248
car_126.jpg	1	200	165	374	154
car_127.jpg	1	222	142	262	203
car_128.jpg	1	212	146	370	235
car_129.jpg	1	213	146	313	230
car_13.jpg	1	204	140	343	250
car_130.jpg	1	214	135	333	221
car_131.jpg	1	222	134	218	190
car_132.jpg	1	217	142	391	234
car_133.jpg	1	152	225	292	241
car_134.jpg	1	196	176	230	203
car_135.jpg	1	225	169	272	180
car_136.jpg	1	208	146	329	250
car_137.jpg	1	155	217	308	257
car_138.jpg	1	224	135	282	197
car_139.jpg	1	209	134	378	213
car_14.jpg	1	210	140	244	234
car_15.jpg	1	207	162	412	154
car_16.jpg	1	198	164	294	182
car_17.jpg	1	195	147	371	203
car_18.jpg	1	206	135	310	205
car_19.jpg	1	197	145	289	184
car_2.jpg	1	198	153	299	217
car_20.jpg	1	200	121	350	164
car_21.jpg	1	207	210	392	127
car_22.jpg	1	199	143	289	194
car_23.jpg	1	194	134	252	210
car_24.jpg	1	203	150	323	143
car_25.jpg	1	203	123	326	186
car_26.jpg	1	207	131	271	225
car_27.jpg	1	199	133	338	189
car_28.jpg	1	220	145	307	204
car_29.jpg	1	210	137	331	187
car_3.jpg	1	206	139	369	244
car_30.jpg	1	206	139	312	142
car_31.jpg	1	208	141	277	157
car_32.jpg	1	204	137	251	223
car_33.jpg	1	210	132	319	232
car_34.jpg	1	203	133	318	228
car_35.jpg	1	216	153	255	236
car_36.jpg	1	207	141	355	241
car_37.jpg	1	210	137	376	148
car_38.jpg	1	203	147	240	227
car_39.jpg	1	199	141	348	220
car_4.jpg	1	181	154	342	248
car_40.jpg	1	208	134	357	226
car_41.jpg	1	222	166	290	164
car_42.jpg	1	204	139	328	223
car_43.jpg	1	206	149	309	150
car_44.jpg	1	212	135	329	239
car_45.jpg	1	196	188	352	125
car_46.jpg	1	210	156	388	199
car_47.jpg	1	222	154	375	249
car_48.jpg	1	209	125	200	171
car_49.jpg	1	213	133	227	170
car_5.jpg	1	213	139	307	191
car_50.jpg	1	154	234	295	231
car_51.jpg	1	217	152	346	253
car_52.jpg	1	196	152	323	254
car_53.jpg	1	206	138	364	148
car_54.jpg	1	209	126	278	245
car_55.jpg	1	196	138	272	260
car_56.jpg	1	205	161	323	180
car_57.jpg	1	142	229	277	251
car_58.jpg	1	153	197	267	215
car_59.jpg	1	206	136	355	222
car_6.jpg	1	207	153	402	145
car_60.jpg	1	207	129	353	247
car_61.jpg	1	202	135	326	226
car_62.jpg	1	223	163	289	180
car_63.jpg	1	194	135	326	236
car_64.jpg	1	209	144	297	261
car_65.jpg	1	205	134	357	230
car_66.jpg	1	204	148	308	220
car_67.jpg	1	207	146	247	202
car_68.jpg	1	205	129	372	153
car_69.jpg	1	209	134	238	203
car_7.jpg	1	151	183	269	243
car_70.jpg	1	189	129	316	208
car_71.jpg	1	179	178	200	118
car_72.jpg	1	207	152	325	140
car_73.jpg	1	221	136	293	233
car_74.jpg	1	213	135	325	134
car_75.jpg	1	220	142	294	188
car_76.jpg	1	154	247	223	204
car_77.jpg	1	229	144	254	174
car_78.jpg	1	205	124	234	165
car_79.jpg	1	204	168	264	169
car_8.jpg	1	152	221	291	269
car_80.jpg	1	224	145	285	222
car_81.jpg	1	200	120	302	167
car_82.jpg	1	223	157	344	209
car_83.jpg	1	219	118	394	149
car_84.jpg	1	163	236	275	242
car_85.jpg	1	219	148	349	222
car_86.jpg	1	209	139	258	211
car_87.jpg	1	218	157	359	247
car_88.jpg	1	151	202	299	247
car_89.jpg	1	205	141	340	241
car_9.jpg	1	212	145	248	235
car_90.jpg	1	203	159	277	224
car_91.jpg	1	213	135	349	207
car_92.jpg	1	224	173	222	166
car_93.jpg	1	159	224	298	247
car_94.jpg	1	211	131	305	250
car_95.jpg	1	204	136	258	232
car_96.jpg	1	231	148	312	218
car_97.jpg	1	207	131	224	189
car_98.jpg	1	235	138	252	200
car_99.jpg	1	153	236	271	192
SUV_0.jpg	2	213	207	326	162
SUV_1.jpg	2	208	122	268	200
SUV_10.jpg	2	209	124	303	149
SUV_100.jpg	2	205	165	288	165
SUV_101.jpg	2	208	118	268	208
SUV_102.jpg	2	210	111	291	143
SUV_103.jpg	2	206	115	299	151
SUV_104.jpg	2	207	117	256	199
SUV_105.jpg	2	210	119	253	195
SUV_106.jpg	2	209	162	346	194
SUV_107.jpg	2	136	194	274	226
SUV_108.jpg	2	206	115	303	155
SUV_109.jpg	2	161	213	240	186
SUV_11.jpg	2	211	112	238	203
SUV_110.jpg	2	208	121	299	142
SUV_111.jpg	2	208	165	244	207
SUV_112.jpg	2	214	122	247	205
SUV_113.jpg	2	208	113	297	154
SUV_114.jpg	2	208	116	303	162
SUV_115.jpg	2	210	109	296	162
SUV_116.jpg	2	209	112	303	151
SUV_117.jpg	2	207	111	295	150
SUV_118.jpg	2	213	116	307	158
SUV_119.jpg	2	212	116	288	208
SUV_12.jpg	2	219	122	311	162
SUV_120.jpg	2	208	108	301	157
SUV_121.jpg	2	209	122	296	151
SUV_122.jpg	2	208	148	255	216
SUV_123.jpg	2	157	204	312	316
SUV_124.jpg	2	209	165	305	156
SUV_125.jpg	2	209	126	257	212
SUV_126.jpg	2	216	122	269	214
SUV_127.jpg	2	211	117	262	205
SUV_128.jpg	2	215	123	316	150
SUV_129.jpg	2	209	118	304	162
SUV_13.jpg	2	207	120	305	147
SUV_130.jpg	2	210	115	300	144
SUV_131.jpg	2	143	224	277	213
SUV_132.jpg	2	157	214	269	194
SUV_133.jpg	2	215	110	311	160
SUV_134.jpg	2	209	112	295	147
SUV_135.jpg	2	208	113	272	200
SUV_136.jpg	2	207	118	298	142
SUV_137.jpg	2	209	118	261	201
SUV_138.jpg	2	222	132	318	170
SUV_139.jpg	2	206	108	247	199
SUV_14.jpg	2	158	217	275	201
SUV_15.jpg	2	212	136	388	215
SUV_16.jpg	2	210	117	287	136
SUV_17.jpg	2	222	182	307	173
SUV_18.jpg	2	211	117	308	146
SUV_19.jpg	2	153	226	280	220
SUV_2.jpg	2	213	118	270	198
SUV_20.jpg	2	210	109	304	149
SUV_21.jpg	2	211	121	301	148
SUV_22.jpg	2	210	112	236	200
SUV_23.jpg	2	208	163	295	147
SUV_24.jpg	2	209	112	304	142
SUV_25.jpg	2	208	114	252	196
SUV_26.jpg	2	209	116	249	194
SUV_27.jpg	2	209	117	301	143
SUV_28.jpg	2	213	116	255	210
SUV_29.jpg	2	209	111	248	201
SUV_3.jpg	2	158	221	238	196
SUV_30.jpg	2	210	109	304	146
SUV_31.jpg	2	208	163	220	186
SUV_32.jpg	2	213	109	308	151
SUV_33.jpg	2	219	120	310	161
SUV_34.jpg	2	210	115	302	149
SUV_35.jpg	2	209	115	297	160
SUV_36.jpg	2	209	105	299	151
SUV_37.jpg	2	209	108	304	149
SUV_38.jpg	2	207	114	244	195
SUV_39.jpg	2	214	126	247	212
SUV_4.jpg	2	159	234	304	256
SUV_40.jpg	2	206	122	297	165
SUV_41.jpg	2	209	117	302	157
SUV_42.jpg	2	210	167	319	172
SUV_43.jpg	2	219	147	327	201
SUV_44.jpg	2	209	113	299	153
SUV_45.jpg	2	208	112	295	148
SUV_46.jpg	2	149	223	297	222
SUV_47.jpg	2	160	225	259	231
SUV_48.jpg	2	210	171	297	167
SUV_49.jpg	2	220	123	249	209
SUV_5.jpg	2	207	117	249	196
SUV_50.jpg	2	208	115	298	158
SUV_51.jpg	2	217	122	258	208
SUV_52.jpg	2	213	122	251	200
SUV_53.jpg	2	208	112	293	145
SUV_54.jpg	2	209	112	304	151
SUV_55.jpg	2	210	113	300	151
SUV_56.jpg	2	207	114	298	155
SUV_57.jpg	2	210	121	295	145
SUV_58.jpg	2	212	120	304	153
SUV_59.jpg	2	208	117	255	192
SUV_6.jpg	2	144	197	274	224
SUV_60.jpg	2	205	117	241	197
SUV_61.jpg	2	209	160	288	154
SUV_62.jpg	2	206	117	298	163
SUV_63.jpg	2	206	129	298	147
SUV_64.jpg	2	208	155	232	200
SUV_65.jpg	2	150	200	273	197
SUV_66.jpg	2	206	125	252	206
SUV_67.jpg	2	221	125	320	159
SUV_68.jpg	2	204	156	305	159
SUV_69.jpg	2	206	121	296	148
SUV_7.jpg	2	207	118	255	197
SUV_70.jpg	2	207	115	298	162
SUV_71.jpg	2	214	124	312	154
SUV_72.jpg	2	209	114	259	198
SUV_73.jpg	2	207	116	302	149
SUV_74.jpg	2	159	186	267	204
SUV_75.jpg	2	212	106	299	155
SUV_76.jpg	2	207	115	299	145
SUV_77.jpg	2	152	211	280	232
SUV_78.jpg	2	207	122	247	202
SUV_79.jpg	2	207	113	300	153
SUV_8.jpg	2	209	119	299	163
SUV_80.jpg	2	142	230	276	264
SUV_81.jpg	2	157	215	313	261
SUV_82.jpg	2	209	112	294	147
SUV_83.jpg	2	215	124	304	163
SUV_84.jpg	2	204	115	241	195
SUV_85.jpg	2	156	194	311	244
SUV_86.jpg	2	206	117	304	153
SUV_87.jpg	2	206	119	299	140
SUV_88.jpg	2	204	146	249	199
SUV_89.jpg	2	207	115	307	157
SUV_9.jpg	2	207	122	262	196
SUV_90.jpg	2	211	123	255	213
SUV_91.jpg	2	209	113	295	136
SUV_92.jpg	2	203	153	207	184
SUV_93.jpg	2	209	113	298	149
SUV_94.jpg	2	156	218	270	200
SUV_95.jpg	2	221	114	314	162
SUV_96.jpg	2	209	111	301	139
SUV_97.jpg	2	209	118	252	202
SUV_98.jpg	2	208	118	245	200
SUV_99.jpg	2	208	114	298	144
taxi_0.jpg	3	193	114	257	143
taxi_1.jpg	3	282	158	242	146
taxi_10.jpg	3	209	129	287	118
taxi_100.jpg	3	221	146	381	248
taxi_101.jpg	3	245	173	329	264
taxi_102.jpg	3	183	159	366	247
taxi_103.jpg	3	213	146	393	195
taxi_104.jpg	3	155	168	153	107
taxi_105.jpg	3	299	153	133	107
taxi_106.jpg	3	179	186	121	114
taxi_107.jpg	3	166	195	330	202
taxi_108.jpg	3	173	223	209	178
taxi_109.jpg	3	297	187	230	199
taxi_11.jpg	3	240	185	349	234
taxi_110.jpg	3	203	218	233	80
taxi_111.jpg	3	208	158	368	162
taxi_112.jpg	3	176	162	344	163
taxi_113.jpg	3	194	146	169	113
taxi_114.jpg	3	196	174	360	238
taxi_115.jpg	3	186	200	366	278
taxi_116.jpg	3	155	208	312	257
taxi_117.jpg	3	210	158	327	269
taxi_118.jpg	3	223	147	345	256
taxi_119.jpg	3	202	157	385	219
taxi_12.jpg	3	200	143	348	286
taxi_120.jpg	3	209	155	226	174
taxi_121.jpg	3	206	150	217	203
taxi_122.jpg	3	210	127	405	234
taxi_123.jpg	3	146	126	246	120
taxi_124.jpg	3	223	197	382	218
taxi_125.jpg	3	207	139	408	251
taxi_126.jpg	3	191	127	222	148
taxi_127.jpg	3	209	127	360	142
taxi_128.jpg	3	199	110	395	172
taxi_129.jpg	3	197	145	303	203
taxi_13.jpg	3	234	209	196	173
taxi_130.jpg	3	140	197	261	175
taxi_131.jpg	3	228	116	376	205
taxi_132.jpg	3	217	133	242	126
taxi_133.jpg	3	89	140	176	232
taxi_134.jpg	3	285	136	165	120
taxi_135.jpg	3	257	185	288	178
taxi_136.jpg	3	190	157	352	241
taxi_137.jpg	3	260	184	308	223
taxi_138.jpg	3	248	178	295	147
taxi_139.jpg	3	217	165	396	301
taxi_14.jpg	3	208	118	399	169
taxi_15.jpg	3	228	131	353	180
taxi_16.jpg	3	179	156	257	148
taxi_17.jpg	3	218	168	392	240
taxi_18.jpg	3	304	124	217	212
taxi_19.jpg	3	203	127	328	182
taxi_2.jpg	3	221	162	207	162
taxi_20.jpg	3	205	146	367	235
taxi_21.jpg	3	168	178	141	109
taxi_22.jpg	3	159	113	230	171
taxi_23.jpg	3	177	125	354	249
taxi_24.jpg	3	217	160	386	201
taxi_25.jpg	3	235	210	187	87
taxi_26.jpg	1	229	195	331	232
taxi_27.jpg	3	227	193	254	143
taxi_28.jpg	3	206	156	391	217
taxi_29.jpg	3	183	126	237	173
taxi_3.jpg	3	191	138	273	226
taxi_30.jpg	3	242	137	222	150
taxi_31.jpg	3	156	123	309	165
taxi_32.jpg	3	154	200	241	215
taxi_33.jpg	3	207	157	372	169
taxi_34.jpg	3	206	182	372	240
taxi_35.jpg	3	129	236	264	189
taxi_36.jpg	3	156	180	259	146
taxi_37.jpg	3	185	168	302	111
taxi_38.jpg	3	218	154	250	211
taxi_39.jpg	3	219	131	266	176
taxi_4.jpg	3	154	198	302	178
taxi_40.jpg	3	203	156	321	275
taxi_41.jpg	3	225	141	297	214
taxi_42.jpg	3	206	142	413	190
taxi_43.jpg	3	271	166	276	105
taxi_44.jpg	3	228	101	229	196
taxi_45.jpg	3	111	188	225	236
taxi_46.jpg	3	216	186	391	221
taxi_47.jpg	3	204	128	369	179
taxi_48.jpg	3	171	122	209	231
taxi_49.jpg	3	260	158	302	174
taxi_5.jpg	3	245	167	340	212
taxi_50.jpg	3	111	138	208	112
taxi_51.jpg	3	169	188	335	324
taxi_52.jpg	3	216	152	362	277
taxi_53.jpg	3	209	140	340	158
taxi_54.jpg	3	207	124	409	225
taxi_55.jpg	3	218	182	348	247
taxi_56.jpg	3	190	153	383	187
taxi_57.jpg	3	192	158	324	281
taxi_58.jpg	3	184	263	360	237
taxi_59.jpg	3	216	178	390	256
taxi_6.jpg	3	259	142	173	161
taxi_60.jpg	3	218	169	304	175
taxi_61.jpg	3	174	195	278	167
taxi_62.jpg	3	230	181	225	86
taxi_63.jpg	3	221	151	178	147
taxi_64.jpg	3	254	195	324	195
taxi_65.jpg	3	188	155	285	198
taxi_66.jpg	3	207	146	333	156
taxi_67.jpg	3	143	164	190	149
taxi_68.jpg	3	219	178	209	104
taxi_69.jpg	3	207	138	410	181
taxi_7.jpg	3	196	166	314	247
taxi_70.jpg	3	208	134	372	208
taxi_71.jpg	3	200	144	335	287
taxi_72.jpg	3	236	120	300	182
taxi_73.jpg	3	231	142	293	169
taxi_74.jpg	3	160	179	236	116
taxi_75.jpg	3	194	147	387	278
taxi_76.jpg	3	206	139	407	199
taxi_77.jpg	3	207	143	359	171
taxi_78.jpg	3	193	181	385	268
taxi_79.jpg	3	232	239	210	186
taxi_8.jpg	3	237	166	356	159
taxi_80.jpg	3	288	152	246	207
taxi_81.jpg	3	208	160	390	221
taxi_82.jpg	3	268	150	267	188
taxi_83.jpg	3	161	158	309	162
taxi_84.jpg	3	186	99	347	165
taxi_85.jpg	3	210	129	379	199
taxi_86.jpg	3	211	151	394	159
taxi_87.jpg	3	256	148	192	125
taxi_88.jpg	3	224	155	286	258
taxi_89.jpg	3	185	239	328	263
taxi_9.jpg	3	134	159	255	158
taxi_90.jpg	3	209	142	327	225
taxi_91.jpg	3	214	102	330	162
taxi_92.jpg	3	216	200	182	140
taxi_93.jpg	3	221	141	332	242
taxi_94.jpg	3	113	199	225	153
taxi_95.jpg	3	234	146	358	160
taxi_96.jpg	3	150	196	191	134
taxi_97.jpg	3	208	166	385	220
taxi_98.jpg	3	198	144	318	238
taxi_99.jpg	3	218	163	378	151
truck_0.jpg	4	209	148	337	194
truck_1.jpg	4	209	142	357	213
truck_10.jpg	4	203	145	334	210
truck_100.jpg	4	219	138	263	228
truck_101.jpg	4	208	142	297	230
truck_102.jpg	4	212	138	176	222
truck_103.jpg	4	208	124	348	202
truck_104.jpg	4	207	135	314	214
truck_105.jpg	4	214	144	173	270
truck_106.jpg	4	205	145	303	242
truck_107.jpg	4	213	134	282	212
truck_108.jpg	4	213	133	244	185
truck_109.jpg	4	204	124	250	199
truck_11.jpg	4	207	145	209	228
truck_110.jpg	4	196	151	383	301
truck_111.jpg	4	206	150	168	207
truck_112.jpg	4	202	142	307	202
truck_113.jpg	4	208	138	286	207
truck_114.jpg	4	202	129	335	222
truck_115.jpg	4	210	143	304	212
truck_116.jpg	4	213	138	251	206
truck_117.jpg	4	207	130	303	256
truck_118.jpg	4	202	145	268	199
truck_119.jpg	4	207	138	231	208
truck_12.jpg	4	198	145	222	249
truck_120.jpg	4	213	168	287	175
truck_121.jpg	4	208	140	298	210
truck_122.jpg	4	192	144	307	213
truck_123.jpg	4	202	156	347	303
truck_124.jpg	4	214	140	335	193
truck_125.jpg	4	220	139	239	254
truck_126.jpg	4	203	145	314	242
truck_127.jpg	4	259	138	281	210
truck_128.jpg	4	209	136	353	196
truck_129.jpg	4	207	134	300	255
truck_13.jpg	4	206	134	251	219
truck_130.jpg	4	207	138	272	212
truck_131.jpg	4	210	141	230	229
truck_132.jpg	4	175	141	282	212
truck_133.jpg	4	211	137	319	207
truck_134.jpg	4	158	149	305	235
truck_135.jpg	4	207	141	212	218
truck_136.jpg	4	212	147	323	212
truck_137.jpg	4	203	151	207	198
truck_138.jpg	4	199	151	320	232
truck_14.jpg	4	216	139	282	224
truck_15.jpg	4	188	137	304	261
truck_16.jpg	4	205	140	253	233
truck_17.jpg	4	217	139	339	209
truck_18.jpg	4	210	162	233	182
truck_19.jpg	4	220	147	341	211
truck_2.jpg	4	202	148	304	228
truck_20.jpg	4	215	173	153	162
truck_21.jpg	4	184	145	273	196
truck_22.jpg	4	206	146	320	230
truck_23.jpg	4	211	153	234	204
truck_24.jpg	4	215	143	238	212
truck_25.jpg	4	194	141	292	203
truck_26.jpg	4	199	133	311	222
truck_27.jpg	4	206	136	329	218
truck_28.jpg	4	209	137	331	187
truck_29.jpg	4	190	127	347	226
truck_3.jpg	4	216	141	300	183
truck_30.jpg	4	213	143	249	230
truck_31.jpg	4	205	169	202	168
truck_32.jpg	4	214	143	273	215
truck_33.jpg	4	213	132	318	215
truck_34.jpg	4	213	141	343	187
truck_35.jpg	4	207	138	290	232
truck_36.jpg	4	210	143	237	225
truck_37.jpg	4	212	138	345	231
truck_38.jpg	4	214	140	203	249
truck_39.jpg	4	208	141	337	230
truck_4.jpg	4	211	136	333	239
truck_40.jpg	4	195	140	234	212
truck_41.jpg	4	195	138	233	255
truck_42.jpg	4	204	137	321	227
truck_43.jpg	4	212	142	286	227
truck_44.jpg	4	208	139	388	214
truck_45.jpg	4	220	138	341	254
truck_46.jpg	4	205	140	344	204
truck_47.jpg	4	205	139	229	222
truck_48.jpg	4	197	144	276	223
truck_49.jpg	4	160	137	316	249
truck_5.jpg	4	192	139	335	210
truck_50.jpg	4	147	140	296	241
truck_51.jpg	4	205	141	355	238
truck_52.jpg	4	208	143	360	215
truck_53.jpg	4	231	140	327	253
truck_54.jpg	4	231	180	261	183
truck_55.jpg	4	210	186	237	156
truck_56.jpg	4	199	142	365	189
truck_57.jpg	4	216	137	276	202
truck_58.jpg	4	218	139	294	230
truck_59.jpg	4	220	138	332	181
truck_6.jpg	4	215	144	293	220
truck_60.jpg	4	204	140	225	217
truck_61.jpg	4	208	139	373	233
truck_62.jpg	4	199	130	259	235
truck_63.jpg	4	209	138	203	211
truck_64.jpg	4	205	143	286	213
truck_65.jpg	4	203	143	215	201
truck_66.jpg	4	212	141	195	243
truck_67.jpg	4	209	141	255	228
truck_68.jpg	4	220	136	300	236
truck_69.jpg	4	210	142	250	220
truck_7.jpg	4	212	146	226	229
truck_70.jpg	4	214	145	240	229
truck_71.jpg	4	201	148	389	156
truck_72.jpg	4	202	139	283	215
truck_73.jpg	4	212	139	168	208
truck_74.jpg	4	195	145	285	234
truck_75.jpg	4	210	137	187	224
truck_76.jpg	4	204	141	211	208
truck_77.jpg	4	183	140	313	220
truck_78.jpg	4	213	146	258	241
truck_79.jpg	4	201	140	287	242
truck_8.jpg	4	222	134	362	212
truck_80.jpg	4	205	143	344	229
truck_81.jpg	4	205	149	358	234
truck_82.jpg	4	208	140	230	213
truck_83.jpg	4	202	166	366	247
truck_84.jpg	4	226	140	284	229
truck_85.jpg	4	202	134	250	229
truck_86.jpg	4	209	135	343	257
truck_87.jpg	4	203	144	232	234
truck_88.jpg	4	204	140	241	267
truck_89.jpg	4	203	157	270	257
truck_9.jpg	4	225	139	215	229
truck_90.jpg	4	180	153	189	270
truck_91.jpg	4	206	138	370	205
truck_92.jpg	4	213	139	344	221
truck_93.jpg	4	206	139	313	190
truck_94.jpg	4	208	138	291	216
truck_95.jpg	4	207	141	269	232
truck_96.jpg	4	212	171	392	192
truck_97.jpg	4	221	139	373	229
truck_98.jpg	4	211	125	196	226
truck_99.jpg	4	201	149	277	214
